-0.4995999600159995
1011111111011111111110010111001000011100010101101000000100001000
-0.4983992009601442
1011111111011111111001011100010111000011000111100111110010001001
-0.49358661919201485
1011111111011111100101101110110001010100110010110001000011110100
-0.474186158086916
1011111111011110010110010001000011100110010011001011111110001000
-0.3943508810729604
1011111111011001001111010000101101111010010101101101101110001101
-0.05062754585185623
1011111110101001111010111101101010001011011010111100000111001101
0.9795473706458672
0011111111101111010110000111001110111010001110011101000100111001
0.6892179548087324
0011111111100110000011100001001011001111111101110000011000111101
-0.9950085520322992
1011111111101111110101110001110000101100110001110000001001011111
0.9211294400850294
0011111111101101011110011110010001110010100100011000100100101000
-0.02849660911784248
1011111110011101001011100011011100010000110101010000010110000101
0.9935088216393568
0011111111101111110010101101001100000011001001110101000000101000
0.8978178240252604
0011111111101100101110101110110001110001111111101000101001000001
-0.25053571896562626
1011111111010000000010001100011011110111110110111111101101000111
0.5293735498769048
0011111111100000111100001010000011001100100000101101011011100010
-0.6136315237779928
1011111111100011101000101101111010010011110011010111100111011100
-0.8780682311803572
1011111111101100000110010010001010001100000100100111000000111110
-0.4124554423981851
1011111111011010011001011010101110000011000010100001001100011110
-0.12943080334266444
1011111111000000100100010011000001000101101110011101001011111100
0.8682264624169704
0011111111101011110010001000001011011100101100110100100100000000
-0.484614672317174
1011111111011111000000111110110101000010001100001110010110101111
-0.4375696771485984
1011111111011100000000010010010000111111010001001100010011000000
-0.2384602009736176
1011111111001110100001011101110100100110010010100010010110101110
0.5709613098922214
0011111111100010010001010101000010100111001010001001011011010101
-0.7577831395434222
1011111111101000001111111100001001101101001110011001001100010010
-0.9559129778154941
1011111111101110100101101101011011010000001100010100001111000001
0.36964239513320296
0011111111010111101010000011100010010011100100111111101101011010
0.05627007725522585
0011111110101100110011110110111001111011000110111111001100000101
0.974749631985036
0011111111101111001100010010011000100011111001010011110110010000
0.6209854342082862
0011111111100011110111110001110011011000011001101111000100111111
-0.8953430493479408
1011111111101100101001101010011001110111011101001100111101101100
-0.27211045994070554
1011111111010001011010100100000111111101100101100001000111111111
0.45150741353946616
0011111111011100111001010111111101011001110000110110110101110001
-0.29840380188920723
1011111111010011000110010000110001000010100001110110111111110100
0.3510732206919081
0011111111010110011101111111101111010000010101111110000101110101
0.1355099949483509
0011111111000001010110000110010000111010010010101100101000010111
0.8557939161796058
0011111111101011011000101010100111101100010000110110110111110100
-0.5679842865839787
1011111111100010001011001110110101100001111100001010010001111111
-0.7482513753076728
1011111111100111111100011010110011011110010001000100010101110001
-0.9713149692077001
1011111111101111000101010000001100100001010110111001100000011110
0.5732028695575864
0011111111100010010101111010110110001011010101110010010001011010
-0.7648708071246757
1011111111101000011110011101001001010111110010000111111111011000
-0.9421627958506115
1011111111101110001001100011001010010111011101011111011000101101
0.2023087832877295
0011111111001001111001010100000100010011111101010000100101101000
0.6859706116725087
0011111111100101111100110111100010100011111001001101000100111011
-0.9930642561948149
1011111111101111110001110010111010110000111001011101110110001110
0.8909416228096978
0011111111101100100000101001100000000001100100111001110000111000
-0.3095607104812293
1011111111010011110011111101011110111001111010010010110110001001
0.30684112155687093
0011111111010011101000110100100011110001100010011110011011110100
0.31770420924138965
0011111111010100010101010100010000001001000111111001001001100010
0.27401683499134694
0011111111010001100010010111110111101000001101011101011101000011
0.44442052226858536
0011111111011100011100010110001011000110001101000010010111101001
-0.2679964662318795
1011111111010001001001101101101010100110011110100011010100011001
0.46669047187976753
0011111111011101110111100100000110110110100001010000010010101000
-0.3629052643925792
1011111111010111001110011101011100000000100001110011000011101100
0.08515775921237628
0011111110110101110011001110011000011110110100010101101101000100
0.9424059622932894
0011111111101110001010000011000010001100011100110101110011100000
0.20515295125434974
0011111111001010010000100111001110110000001010000101110000111000
0.6774691511606751
0011111111100101101011011101001111001001000010010001011001011101
-0.9865286695980042
1011111111101111100100011010010010010010100011111010110010010110
0.7916398152893214
0011111111101001010101010001110100000101100111000010000110111000
-0.8715898595268908
1011111111101011111001000001000001101010110001100010111011110001
-0.4605765686562396
1011111111011101011110100001011000100100111010111010110100111001
-0.3370504771244272
1011111111010101100100100011110000101010000101100111000001101001
0.19442098369306227
0011111111001000111000101100100101101011010011110001010111000100
0.7090342778312555
0011111111100110101100000110100010100111011000001110011100101110
-0.9999403939589037
1011111111101111111111111000001011111111010000000001011101010011
0.9990464454508874
0011111111101111111110000011000001000000010011001011000100000110
0.9847794701268178
0011111111101111100000110101000000111100001111101111000011000110
0.7656256987409392
0011111111101000100000000000000101110111001000100011100100110011
-0.9405803231869426
1011111111101110000110010011101111100111111010110010101100111111
0.18389944344375386
0011111111000111100010100000010001010111101010111111100010011100
0.7385977585638889
0011111111100111101000101001011111000100001111011100100100101011
-0.983418593878988
1011111111101111011110000010101001000101010111111010001001000111
0.7455499418264172
0011111111100111110110111000101110001101001101011011101110110111
-0.9750509417758247
1011111111101111001100111001111000001000010110111000111010101111
0.6252194385536103
0011111111100100000000011100110000110010001011010010100011011100
-0.9047763789769231
1011111111101100111100111110110110010111101111001100011000100011
-0.18784885604646115
1011111111001000000010110110111001101010101001111100000010000011
0.7276639460156054
0011111111100111010010010000010111100110010100111011000011010010
-0.9930404455329697
1011111111101111110001101111110011000001101001010110101110000011
0.8905737763892186
0011111111101100011111111001010010010011100010001000101010001001
-0.31263758081908155
1011111111010100000000100100000100001110010001111001010110110100
0.2944903348111756
0011111111010010110110001110110111111101010000000010001000111100
0.36637273232957396
0011111111010111011100101010011010011101111000000001101110001111
0.07030751845844171
0011111110110001111111111010110001101100011100010010000111100110
0.9606503004158405
0011111111101110101111011010010110110010111001011011011100101101
0.4304102123042056
0011111111011011100010111101011101000110011011011000000010110010
-0.20747436043990333
1011111111001010100011101000010100010100011011001000100000000101
0.6704585145678601
0011111111100101011101000110010101101010001011001001100100101110
-0.9796098110533873
1011111111101111010110001111011010101100101010100001010011001010
0.6901174744435123
0011111111100110000101010111000100111101111001000100000110001100
-0.9954921076654606
1011111111101111110110110001001001000011101110110010110100101100
0.928683638313313
0011111111101101101101111100011010111111110111000101100111100010
0.05097915785801097
0011111110101010000110011111000010101111100011100011100011111101
0.9792630369035313
0011111111101111010101100001111101101111101101011101010101111000
0.6851255803728293
0011111111100101111011001000110001111011001010110101011010011010
-0.9925076809383312
1011111111101111110000101001111101110111110101010001010111111111
0.8823548554537431
0011111111101100001111000100000000111111111101001000000000010011
-0.3792787746860808
1011111111011000010001100001101001111011010101011111111010101111
0.014728966981903022
0011111110001110001010100011100001111011111011011101100101100101
0.9982648367654446
0011111111101111111100011100100100011001010101001111000010001011
0.9723576528027871
0011111111101111000111011000110111001011110110011011010010010100
0.5876152019776726
0011111111100010110011011011111001100101011001000000110010011010
-0.8085225511123448
1011111111101001110111110110101010101111011000110110010001101110
-0.8109890458480771
1011111111101001111100111001111101001100101010101001110110010100
-0.8010375237088071
1011111111101001101000100001100101110001111001100101011101000001
-0.8394570293593147
1011111111101010110111001101010011111100111011111101101110110010
-0.6648222401860729
1011111111100101010001100011100101001010011010000001010110100001
-0.9730774300130481
1011111111101111001000110111001101000111010011000011011101110111
0.5976116215012889
0011111111100011000111111010001001101000010000011101011110010101
-0.8367273635336561
1011111111101010110001100111100001110110110000010111001110001110
-0.6796393195889987
1011111111100101101111111001101011110101010101101011101111110000
-0.9883929743062527
1011111111101111101000001110101001001101100001111011101010010000
0.8196266164374431
0011111111101010001110100110000110011001000100001111010101100010
-0.7639116406309459
1011111111101000011100011111011011010011001100010110010101010000
-0.9441404813293859
1011111111101110001101100110011000011001010001000111011000001110
0.2255594985242105
0011111111001100110111110010001000110110101110110101100010110011
0.613691125161748
0011111111100011101000110101101110010010000011010100100011101001
-0.8782126819416246
1011111111101100000110100101000101111011011110111110010100110001
-0.4113548856499722
1011111111011010010100111010001101110001001110101010011100011111
-0.12463884854358745
1011111110111111111010000101010011100010010011100100100101000010
0.8776519101383
0011111111101100000101011011100101110101011010100001110000011000
-0.41562058271642544
1011111111011010100110011000011100010010100100111110111111001000
-0.14320959379245118
1011111111000010010101001011000100100100111001111111000001011010
0.839293046596024
0011111111101010110110110111110100010111010111000111101111101100
-0.6657231984876474
1011111111100101010011011001101010111100101101100010110010111111
-0.9741786069470818
1011111111101111001011000111100010011101001010011001111000100101
0.6129801205404123
0011111111100011100111011000100001111100010110100011011011110101
-0.8764848205864921
1011111111101100000011000010100111100100111110111000000001001100
-0.4244400452890493
1011111111011011001010100000011010010100011010000100010100111011
-0.18156450402198043
1011111111000111001111011000000101110011011100011100011001100000
0.7449685297586469
0011111111100111110101101100100000111101111110111001101001011001
-0.9758192590756702
1011111111101111001110011110100101001111100100010010111010111100
0.6360467718419278
0011111111100100010110100111111011000010011110010011001011010010
-0.9271227732045592
1011111111101101101010101111110101100000110010010100101100000011
0.03424779935326708
0011111110100001100010001110110101110100010111010101000000100100
0.990627711691651
0011111111101111101100110011100011100011000001110100001100111101
0.8535306960042164
0011111111101011010100000001111110011011001011110000110000011010
-0.5822484414608573
1011111111100010101000011100011101111011110001110001010101010010
-0.7926661243713591
1011111111101001010111011000010101011001000110100100111001001000
-0.8682726734061584
1011111111101011110010001110001111000110000010010100011100101111
-0.4842887384439182
1011111111011110111111101001011000110001010111000000001110110110
-0.43622914298720583
1011111111011011111010110010110110100011101011000100110001001100
-0.23266679105941554
1011111111001101110010000000011010000001001110111001010000000111
0.5903730920126585
0011111111100010111001000101011000011100010101000011111110100001
-0.8164798869113734
1011111111101010001000001001101001101101100001000000100100111100
-0.7778504676614618
1011111111101000111001000010011010101001111110010001100011011011
-0.9117137108362461
1011111111101101001011001100001000111011011010110110100001000100
-0.1223364738868296
1011111110111111010100010111000101110010011100111010111100100011
0.8820621974704075
0011111111101100001110011101101010000000011001011000101110100000
-0.38157800342585185
1011111111011000011010111100011000100101011001011001000110010001
0.004784828115795424
0011111101110011100110010100000110000100011000111010000000100101
0.9998168475525128
0011111111101111111111100111111111100110110001110100101010100001
0.997070902436372
0011111111101111111010000000000100111100101110000011110011010010
0.95347681989561
0011111111101110100000101110000111010001110111100100001101100101
0.33902060501505066
0011111111010101101100101000001101111010110011010110110011111001
0.18620061478196784
0011111111000111110101010110101111110111011111011110100000011101
0.7322510907193894
0011111111100111011011101001100111010110111000110011010000010011
-0.9895213100527777
1011111111101111101010100010100010011000001010111110010101101101
0.8366963561064908
0011111111101010110001100011011101101111110001010001110010101000
-0.6798054350043337
1011111111100101110000001111011101010011110111111001001011000110
-0.988530194383438
1011111111101111101000100000101000010010111111111000100001001111
0.8216972205693098
0011111111101010010010110101011111111000001100011110010110101000
-0.7544780198563087
1011111111101000001001001010111100010110100110101010110110001011
-0.9616498113145978
1011111111101110110001011101010111010011001110011001111111100101
0.44343886716723224
0011111111011100011000010100110101101010000100001000110000011000
-0.2637721159932449
1011111111010000111000011010010001110000111100100110100111000100
0.4821204233180495
0011111111011110110110110000111110011110101110001001111011100110
-0.42729361034239904
1011111111011011010110001100011101001100100011010111011010111001
-0.19395548257045064
1011111111001000110100111000100010000011010000101000111011010010
0.7103715165514105
0011111111100110101110110101110100001011111100110010010010110101
-0.9998286757690067
1011111111101111111111101001100010110101000000001111110011100110
0.9972599862228804
0011111111101111111010011000110111000110010011011111100101001100
0.956459428760662
0011111111101110100110110101000011001101110011110100101011010110
0.3765694769347442
0011111111011000000110011011011011011101000001101101000111000010
0.02643172308746255
0011111110011011000100001110101011101000111100110100100000011110
0.994414816854942
0011111111101111110100100011111100000101101000011001100000000010
0.9118792730713972
0011111111101101001011100001110101110000111101111011110110101110
-0.12073571434728951
1011111110111110111010001000100100101000100101001010111110111011
0.8850830359701656
0011111111101100010100101001100110101000101101111000111101100010
-0.357602565058206
1011111111010110111000101111010111011110011110010000000101011000
0.10778876930029317
0011111110111011100110000000101101110111000001010101011001001011
0.9081325509427569
0011111111101101000011110110101111111110110101110110111000100100
-0.15653470610004855
1011111111000100000010010101010001001001101100011100000001000110
0.8087783071387789
0011111111101001111000011000001100001011010111000000001001110010
-0.809970409601493
1011111111101001111010110100011100010000011111101110101010011000
-0.8051820254970551
1011111111101001110001000000110100011000010110101100011111001101
-0.8240139435020999
1011111111101010010111100101001001111101010110010100001110101100
-0.7436749238896965
1011111111100111110011000010111101011010100111101100010011100110
-0.9774835492661235
1011111111101111010001111000101110010100100011110011101101101111
0.6596531666290285
0011111111100101000110111110000011110101001010111111110000001001
-0.9663478302585782
1011111111101110111011000101001001001000111100001010110101001000
0.5056547644086872
0011111111100000001011100101001011100110100001100111010111101111
-0.522488250912211
1011111111100000101110000011100101000111110001101100101000111111
-0.5877461072529463
1011111111100010110011101101000011101100101000000001011000111001
-0.8089032190792382
1011111111101001111000101000100100000000111100100110000111101000
-0.8094717924747759
1011111111101001111001110011000101100011011101101101011001010000
-0.8071929560594134
1011111111101001110101001000011001010010011110101100011010011111
-0.8162353955605379
1011111111101010000111101001100110110001001110001010010011110000
-0.7789135114657558
1011111111101000111011001101110000000111010001010000110111011101
-0.9089101954419349
1011111111101101000101011100101011010101100011011001001000001101
-0.1491777396307818
1011111111000011000110000100000110010100100000001011000101001110
0.825929939405558
0011111111101010011011100000010010011111110100010001011110011111
-0.7345411034050973
1011111111100111100000010101110001011000000101100010101000101010
-0.9874859796928481
1011111111101111100110010111110000110010100000010100000111111000
0.805977188905149
0011111111101001110010101001000010101100011101010110110110011010
-0.8209605653760006
1011111111101010010001010100111100010111011100110000111100011000
-0.7578581157589513
1011111111101000010000000101111110101001110001100010110000001111
-0.9557779004503474
1011111111101110100101011011101110001001000101011000111110100111
0.36793339028780364
0011111111010111100011000011100001111101100110010001111100001111
0.06361124349626007
0011111110110000010010001101001110010010011110010110110110101100
0.9677598638024999
0011111111101110111101111110001110001000101011010011100010001001
0.524671159438993
0011111111100000110010100001101100101011110111100011110001101110
-0.5960067455507116
1011111111100011000100100111110010111101000010101011111000001110
-0.8323193729672936
1011111111101010101000100101110000111100110101110001100010011001
-0.7027624186607826
1011111111100110011111010000011110011100101000000011000010000010
-0.999699876674029
1011111111101111111111011000101010011000100001000010101010000000
0.9952016288798953
0011111111101111110110001011000100010110000111101110000111101110
0.9241435055931451
0011111111101101100100101001010101100110101010101010101011010000
0.0027614776114497576
0011111101100110100111110011110100000000111101000011101000110001
0.9999389943964292
0011111111101111111111111000000000001111110111011011000001110110
0.9990240592029485
0011111111101111111110000000000101001101110001100011001111011110
0.9844230159265667
0011111111101111100000000110010010110010010110101011001010000011
0.7603534747468558
0011111111101000010101001101000011001111011011100000000110110011
-0.9511563655690964
1011111111101110011011111101111101111001011100000000110000110100
0.3102465653689447
0011111111010011110110110001010001101000111111010010111000101110
0.3040935637206956
0011111111010011011101100100010011011001110001101010111111001100
0.3286267272410129
0011111111010101000010000011100001100101100001011101110111001101
0.22934006198416723
0011111111001101010110110000001111100000111100010011101011110000
0.6013565285998679
0011111111100011001111100101000000001011111100100101001000011000
-0.8468292241453529
1011111111101011000110010011100110011001111000000000101100000011
-0.6228721658515886
1011111111100011111011101001000110011011101111010111101011111000
-0.8995937577790614
1011111111101100110010010111100011011001001010110001100100011010
-0.23482183626809267
1011111111001110000011101010010001010101100101000011110101101110
0.583194140820907
0011111111100010101010011000011011000010010000010110110101111011
-0.7954953325247085
1011111111101001011101001011001010100000101010100000111001111100
-0.8588860301033919
1011111111101011011110111111111010001110010010010010000110000001
-0.5480459172843204
1011111111100001100010011001011110010111011011100010100011000110
-0.6811328434628927
1011111111100101110010111101011100011010110111001111001010010100
-0.9895985364976474
1011111111101111101010101100101010001100110011011010100011010010
0.8378682844771543
0011111111101010110011111101000100100110000001011110101110001010
-0.6734928124581324
1011111111100101100011010100000011001100011100110010100011100001
-0.9827708023626593
1011111111101111011100101101101111000000111100111000111111001000
0.7360436918124023
0011111111100111100011011010101110000000000110000101110100100110
-0.9860486078890359
1011111111101111100011011011010111001111011001001100101010100101
0.7844767864141553
0011111111101001000110100110111100001111110000111101011011010100
-0.8934556510831088
1011111111101100100101110011000001001110001110101000000111000001
-0.28831346048933126
1011111111010010011100111011101001001100111100110001011011001010
0.3902804495004195
0011111111011000111110100101101011011001101101111101011010111100
-0.03294242811541741
1011111110100000110111011101010001110110110100000010011100100110
0.9913277927731936
0011111111101111101110001111010100010000001100100111010010010110
0.8642321459559487
0011111111101011101001111100101000101100011000010000101111011101
-0.5123341727472175
1011111111100000011001010000101010100010100100100101001000001000
-0.5486979558448679
1011111111100001100011101110111100000011111101111000101101011000
-0.6834130798638978
1011111111100101110111101000010100011011011101011001001000001010
-0.9913161922762158
1011111111101111101110001101110010111100001110100100101010000001
0.8640545079164745
0011111111101011101001100101010110100011101011101100110111100000
-0.5135462151076059
1011111111100000011011101111100001111000110110111110010101011101
-0.5534108196022599
1011111111100001101101011000101010011011011011100011011101100101
-0.699729457818196
1011111111100110011001000010111100001000001011000001000000010101
-0.9991382630383142
1011111111101111111110001111000011001110011111011101000101011001
0.986241891763716
0011111111101111100011110100101100100111111000100100000000101001
0.7873586417899535
0011111111101001001100100000101011000000000101101011111100011101
