0.97118521115259
0011111111101111000100111111001100000010000010000100101110011010
0.14287120189980787
0011111111000010010010011001101010000001110110011001010111101101
0.3624831629304533
0011111111010111001100101110110010010100100010001100001110010001
0.8154745393179018
0011111111101010000110000101111000001111101000101110100111101011
0.7075491784696604
0011111111100110101001000011111000101100101110101101011111101110
0.9151293016275324
0011111111101101010010001011110100111110110000110100000000010010
0.38524596820256624
0011111111011000101001111101111010110100100101100010001011011101
0.8497010342641791
0011111111101011001100001100000000111001001100010101100001000100
0.6118196798217417
0011111111100011100101000000011011011101011111000100011000111000
0.9914553816384943
0011111111101111101110100000000010100010111100101001001110111000
0.043695447268155954
0011111110100110010111110011111111101010000000000110101111001010
0.11295513152897751
0011111110111100111010101010000010100011110101010001010000001000
0.2888211372938792
0011111111010010011111000000101110100110110001001000011011110101
0.6856464444717143
0011111111100101111100001101000011001111111100111111110101111100
0.9409896746917615
0011111111101110000111001001011001100000110101011001011111101011
0.2791488583374978
0011111111010001110111011001001100101100010100011001111001011010
0.6666567768590865
0011111111100101010101010100000010010111110010001000011110001100
0.9592677969531589
0011111111101110101100100101001001100001000000001010001000010110
0.19827653909768794
0011111111001001011000010010000000101001011111101000101110011000
0.49334728529687905
0011111111011111100100110000000001111101111110101110100100011001
0.9667711851179361
0011111111101110111011111100101000011111110110010111111010001100
0.16364100984288948
0011111111000100111100100011000001001000110001111010000111000110
0.4124807288837276
0011111111011010011001100001010110010010001100100100101101101001
0.8865598816386405
0011111111101100010111101011001011010100001100101010110011001001
0.4914112613109534
0011111111011111011100110100100000111000000011011101110110101101
0.9654038500314603
0011111111101110111001001001011010011101011010100010100111011110
0.17001544010966793
0011111111000101110000110001000011100001100010110000010001011011
0.42761185244618555
0011111111011011010111011111111000011010011010001101101010100011
0.9050035350981573
0011111111101100111101011100100111111001010000000101100111100110
0.42418301032297107
0011111111011011001001011101000001111111001101101100100010001111
0.9009554345074309
0011111111101100110101001010000001111101110010111001110011000010
0.4393449713601993
0011111111011100000111100011101001011110111010011101110011111011
0.9182607909139414
0011111111101101011000100110010001110100010001011001010101000111
0.37290987651981705
0011111111010111110111011100000101100011000000001000001101000111
0.8315256300140298
0011111111101010100110111101101110100011010101100100011000010011
0.6645417113218539
0011111111100101010000111110110011111010100111101001000101001010
0.9610704389371589
0011111111101110110000010001011011001011000011000110011000011000
0.19003241322908618
0011111111001000010100101111101101101011111111111101101101100101
0.47441004689869953
0011111111011110010111001011101111110101000101001011100000101011
0.9521798316726979
0011111111101110011110000100000111010110100111100011110110100000
0.23022350666460895
0011111111001101011101111111011010111111111100101000110100101110
0.5646743943425548
0011111111100010000100011101000000001001000100101110000001001101
0.996175937448524
0011111111101111111000001010110001011100000011001110100111100110
0.01969516461137774
0011111110010100001010101111100000011111100101001011000001011000
0.05099068940473733
0011111110101010000110110111001110011110110010011010010101111000
0.13172250759890905
0011111111000000110111000100100001111011001001000110100000010001
0.33524186680457707
0011111111010101011101001001101001001101100010110011110111001011
0.7706933564541454
0011111111101000101010011000010100011101001001101110000101111100
0.8104782687208746
0011111111101001111011110111000000011111010010001100101110011111
0.7202669213993408
0011111111100111000011000110110100110110111110011001111111101011
0.8977034569355739
0011111111101100101110011111110010011001101000010110110000000001
0.45135885606681
0011111111011100111000110001000001000001011001000100100001101011
0.9308611663558907
0011111111101101110010011001110101011011010100111010110111001101
0.32185315726775776
0011111111010100100110010011110111111100001001010001010001001110
0.7472475411920646
0011111111100111111010010111001110101100111011011111011001101011
0.8547007516615471
0011111111101011010110011011010101100100000010000001100001000101
0.5965557905028077
0011111111100011000101101111110000101011010011100101111000011001
0.9952184426844052
0011111111101111110110001101010001011000111101101001010000001001
0.02459110227299129
0011111110011001001011100110100011110000001000111110111001010101
0.06365243954561829
0011111110110000010010111000011010111010001010001011011101011001
0.16419186693254462
0011111111000101000001000011110100110101010111110100101010010000
0.41379244674708177
0011111111011010011110111001001101010000100001110001001100001101
0.8882176319698251
0011111111101100011011000100011101100010001000010100111110010001
0.48556179527337745
0011111111011111000100110111000111000111101110001011011110001111
0.9610991839354919
0011111111101110110000010101001100010011011001101110001100100010
0.1899005592089914
0011111111001000010011101010100101011001101001011011100110110100
0.4741055165990404
0011111111011110010101111011111010101010001010010101100100011011
0.9519233050647388
0011111111101110011101100010011111011100111100011011010010000001
0.2313657542483523
0011111111001101100111010110010010011101111101001001110100101001
0.5671600633889632
0011111111100010001001100010110011011100011110110100101011010011
0.9964283766558079
0011111111101111111000101011110111000011010100010110000011001001
0.018402008973873306
0011111110010010110101111111100111101010111001001101100100010110
0.047645063541565655
0011111110101000011001001110111100001011011101000010011111010110
0.12312058852388073
0011111110111111100001001101010010110101001011001010000110010111
0.314048489382811
0011111111010100000110010101111011010101110100000111100011011011
0.733164251528837
0011111111100111011101100001010011100000010111010011010010011110
0.8781825032709308
0011111111101100000110100001001000110001011011101111101001011011
0.5203936701743672
0011111111100000101001110001000010100000010011100011011111011010
0.9828171552420261
0011111111101111011100110011110011110110011101101100101011001111
0.0867261818351885
0011111110110110001100111010111111100010101100000110011111001101
0.22293134110870963
0011111111001100100010010000001110100001101010000101110010101101
0.5486967161806248
0011111111100001100011101110110001101010011011010110001101011001
0.9932692627645043
0011111111101111110010001101110010011110111101100100001000101010
0.0345140056858926
0011111110100001101010111101000111011011010110011000100000100011
0.08928479035714176
0011111110110110110110110101111000110110100111010011100001001000
0.22940415341251885
0011111111001101010111010001110110000100001111001001011001000000
0.5628885060169655
0011111111100010000000110010111011000001100101000110001110101010
0.9959610823375145
0011111111101111110111101110100111000110100101110100111011110100
0.02079501324692358
0011111110010101010010110100100110110111010000101111111001100100
0.05383579388696634
0011111110101011100100000101110101111100001100101000101100001110
0.13903058357575201
0011111111000001110010111100000100010000110011010000001011011011
0.35312886590698667
0011111111010110100110011010100111010000100101100000010101011100
0.8005526772067778
0011111111101001100111100010000010100101111010101000000111100011
0.7446011816242334
0011111111100111110100111100010111011011011101000111001100000001
0.8592875729941913
0011111111101011011111110100100010100110111110111101000100000100
0.5822604820007796
0011111111100010101000011110000010111011111111100100101000011001
0.9967829995894449
0011111111101111111001011010010101110110000011100100000100011011
0.016583735913573604
0011111110010000111110110101001110101101100100111100001100110011
0.04294006337846336
0011111110100101111111000011110101101111110011000001111000100010
0.1110097009137802
0011111110111100011010110010000110111010111101101010001100101011
0.28397203228659423
0011111111010010001011001001100100000111111010011001001010110001
0.6761777618217304
0011111111100101101000110011111110001011101010011101000101100010
0.9505771977618208
0011111111101110011010110010000011011111000101101011101100100101
0.23734367648984162
0011111111001110011000010100011100010000001101111101011111010010
0.5800916954225016
0011111111100010100100000001110001110101100100001010101010110011
0.9968576971877553
0011111111101111111001100100001000011101000001011111111000110011
0.01620048742784723
0011111110010000100101101101110001001110101110100011101001001100
0.04194824998663163
0011111110100101011110100011110110110011101000100100111111010100
0.10845478797194873
0011111110111011110000111011000101100111011011110010001101100111
0.27759385585204455
0011111111010001110001000001100100000101000111010001111111011100
0.6635655930542342
0011111111100101001110111110110111101001000111010110011010100111
0.961886782430769
0011111111101110110001111100011011001010000111111101010110010001
0.18628302272808706
0011111111000111110110000001111101000001001101010110010101110100
0.46573055640229366
0011111111011101110011101000011110001001000111111011101000011110
0.9446022483752381
0011111111101110001110100010111001111110100011111111110110101110
0.26355524371529704
0011111111010000110111100001011011010000000111001001001110100000
0.6351931911238956
0011111111100100010100111000000010101011110100001001101110111001
0.9813809055487867
0011111111101111011001110111100011101101110010000000011101100111
0.09376999574552218
0011111110111000000000010100111101111001000100101011010100101011
0.24072882892157954
0011111111001110110100000011001111000111101101100001011010001100
0.5873563264965774
0011111111100010110010111001111101111110101011001101100100010011
0.9964397253046344
0011111111101111111000101101010110010000000100111100101111001110
0.01834385073531434
0011111110010010110010001011101011111011111101101010100101101010
0.04749458624570626
0011111110101000010100010011010111011101010100110010000011010011
0.12273349811817737
0011111110111111011010110111011001101000100010101000111101010001
0.313091374684627
0011111111010100000010011011000001100111101110111000011110101010
0.7314165547376109
0011111111100111011001111100001110110000110010110011101110101001
0.8809380243246375
0011111111101100001100001010010011110000100010001101111010010101
0.510966809622291
0011111111100000010110011101011100010001000101010110101000010010
0.9778803405528339
0011111111101111010010101100101110110110010000100110110010101001
0.1108061662835967
0011111110111100010111011100101011111100011000100001100001110101
0.2834643305090354
0011111111010010001001000100011110010011010001111001101100011100
0.6751803583950204
0011111111100101100110110001001111010110110001101010100101011000
0.9515320454533532
0011111111101110011100101111001101010101000010100010111000101111
0.23310605898672979
0011111111001101110101100110101101011001111011000111100101001001
0.5709381511898391
0011111111100010010001010010000000010101111011001100010100011111
0.996707704097101
0011111111101111111001010000011110001110000110001001010111011101
0.016969964523817
0011111110010001011000001001001100001010100100111000100000110010
0.04393955077315671
0011111110100110011111110011111010101011001001001010110111110010
0.1135837180145748
0011111110111101000100111101001010010010001110110000111000101001
0.29038651309246066
0011111111010010100101011011000101010000001110111001111100111110
0.6886806524482322
0011111111100110000010011010110000000001111101001110011000110001
0.937715911932462
0011111111101110000000011100010011001100110101100000101000101001
0.2931151494996975
0011111111010010110000100110011000001011010001000000110111110100
0.6939431662865285
0011111111100110001101001100100001001100100011110111011101110000
0.9318040281768297
0011111111101101110100010101011010101110011010011001111000010011
0.31794070845340205
0011111111010100010110010010001111111100001101111111011010110100
0.7402252646818167
0011111111100111101011111110110011100100111011110110011100110001
0.866694515845474
0011111111101011101110111111011000100011001001011011100101000010
0.5585821852221704
0011111111100001110111111110011110111111001101010000100110111000
0.9953284299007007
0011111111101111110110011011101100000001111001100111101100110001
0.024029428048622303
0011111110011000100110110010101110011110011100010001000101100011
0.06220028261855203
0011111110101111110110001011011100100111010011000001101001001111
0.16047546109992683
0011111111000100100010100111010110111100100111100000101011011000
0.40492794801027576
0011111111011001111010100101011011101001011111000011000110000110
0.8768011736663098
0011111111101100000011101100000101010101101111111011100000001101
0.5250802984450155
0011111111100000110011010111010100110010101100110000110001100001
0.9850048852671862
0011111111101111100001010010100011110111000100111110110111110100
0.07593631559843196
0011111110110011011100001000111111111000000100101111000110101001
0.19554096529100784
0011111111001001000001110111110010000001011110100000000011010000
0.4870862995506395
0011111111011111001011000110110000000011101110011001001111110111
0.9622460798007645
0011111111101110110010101011100001001010011011100101101000000111
0.18462964649667116
0011111111000111101000011111000110111010110010011010000110010101
0.4618901661038568
0011111111011101100011111001101111000101011100001010010100001000
0.9410748204978646
0011111111101110000111010100100011110001001001000001001110100111
0.2787835267230088
0011111111010001110101111001011011011100011111000001011001011101
0.6659314759995515
0011111111100101010011110100111110000110110110010111000101010001
0.9598911750801931
0011111111101110101101110110110110110010100101100000011110110010
0.19543109209090387
0011111111001001000000111110001011010010100100110111010010011110
0.4868343524914777
0011111111011111001010000100101101000101101000010100101101111111
0.962057750112612
0011111111101110110010010010110101010101101100110001101010110010
0.18549652261451513
0011111111000111101111100101100110011101000100110101011000101001
0.4639046907332745
0011111111011101101100001001110101001100110010100100010000100001
0.9429384333907948
0011111111101110001011001000110100111000101100011100001000001101
0.2707608268945873
0011111111010001010101000010010100111000001000110011010111111011
0.6498593986706539
0011111111100100110010111010010111110000000010010011110011100111
0.9723185622812128
0011111111101111000111010011101111010001010010010101010001011101
0.13749092878374655
0011111111000001100110010100110110000001010011111011100111000011
0.34936984975658353
0011111111010110010111000001001101011011101110100110110111101111
0.7944203743886454
0011111111101001011010111110010001000110111010001100111101010011
0.7590220639139247
0011111111101000010010011110100010100011101011100111110011000000
0.8333025906816585
0011111111101010101010100110101000110001110101001100101100100100
0.6595769933780491
0011111111100101000110110100000100110101111110000001011001011100
0.9651205687214929
0011111111101110111000100100010010000111111010110110001000101001
0.17133257099473637
0011111111000101111011100011100111000110100101001011110000011110
0.43072510435087846
0011111111011011100100010000000000000111001100000011010010011001
0.9086113947670053
0011111111101101000100110101100000110100001010011000001011101111
0.4104757495135073
0011111111011010010001010011110000010011111111011000101011100010
0.8840046858750777
0011111111101100010010011100010000110001111010110000001111001001
0.5003532846792692
0011111111100000000000101110010011100100010001001001100010110001
0.9714782668285236
0011111111101111000101100101100110010111000110011011010001100100
0.1414818597543063
0011111111000010000111000001001111011100010011111001110111010101
0.35910298424093456
0011111111010110111110111000101100010101010011010111111000001000
0.8101387280152863
0011111111101001111011001010100000001101110000011000111011100110
0.721119773294567
0011111111100111000100110110100111000110010110011001001000111001
0.8964704634239054
0011111111101100101011111110001011010011010001111000101001011000
0.45587534230259386
0011111111011101001011010000111111000101100011111000010000111100
0.935337752864735
0011111111101101111011100100100101110000011010001001010011010011
0.3031627163803837
0011111111010011011001110000010010011000000011100001100011101110
0.7130263494550084
0011111111100110110100010001110010100010100000110000111010010010
0.9078443789498859
0011111111101101000011010000111110100111101011100100111101100011
0.41340521426712107
0011111111011010011101010011101100100100110100010111101101101010
0.8877293966041665
0011111111101100011010000100011101111010110000111001101101001111
0.48728849898887716
0011111111011111001011111011110000011001101101111111001000101110
0.9623968757615013
0011111111101110110010111111010010001000011001010110001000010110
0.18393515470071614
0011111111000111100010110010111111101001000000110001101101111110
0.46027468758093754
0011111111011101011101010010001111110110100101011000110100110111
0.9395593084540582
0011111111101110000100001101111010101110110011101100110101000011
0.2852702301921573
0011111111010010010000011101111000010001010011001010011100111101
0.6787229534818197
0011111111100101101110000001100100110011000001111111011101011011
0.9480931921932888
0011111111101110010101101100011110001000110000001111100100101111
0.2483046439570061
0011111111001111110010000111001001010010100111101100000100000011
0.6034580145518192
0011111111100011010011111000011100101110101000000100101100000001
0.9937876447221914
0011111111101111110011010001101110111111001010000000010110010000
0.0318807509137676
0011111110100000010100101010110001111101000101111101010111101100
0.08248722101827327
0011111110110101000111011110000111101100100111001000010100110100
0.21218825267476008
0011111111001011001010001111110000010010111010101010111101110001
0.5248239238784704
0011111111100000110010110101101110001010101001101110110011110010
0.9848898283635461
0011111111101111100001000011011110101100010111111000000011100100
0.07650559903343573
0011111110110011100101011101111011110101110011110011101100011100
0.19698971132506357
0011111111001001001101101111010101110111111001010001001010001111
0.4904049386079356
0011111111011111011000101100101101100101010001111000110011010111
0.9646818123661317
0011111111101110110111101010110001100100011001010001001011001011
0.17337021548440507
0011111111000110001100001111111011000110110011011001000100101010
0.4355322937137929
0011111111011011110111111100001011010111011101101001000100011100
0.914054716544569
0011111111101101001111111110111110101101010010100000011111111011
0.3894469930642214
0011111111011000111011001011001100010100101011110010000010101111
0.8556841287559138
0011111111101011011000011100001110101110100101101101000000011010
0.5935145768082358
0011111111100010111111100001001001001000001000101110011010100001
0.9957083991409384
0011111111101111110111001101011111011100010101010011011000000111
0.022087590567998982
0011111110010110100111100010000100011100100011000100100000010011
0.05717895053780953
0011111110101101010001101000111100110101001010001011001101100001
0.14760930026727698
0011111111000010111001001101110010001110100111011110000000000010
0.37397816581116156
0011111111010111111011110100001000011101111001001110110110100011
0.8331348920993764
0011111111101010101010010000101010000001010101110010010101011100
0.6600472788113956
0011111111100101000111110001101101111000100010011110000100101110
0.9647477802258517
0011111111101110110111110011011010111100100111101010110100010110
0.17306403609029075
0011111111000110001001101111011001011011100011111000111101011100
0.4348106694452205
0011111111011011110100111111000000100001010011100000010110001100
0.9132475350695645
0011111111101101001110010101001011100101000010001101100000110101
0.3925918310409598
0011111111011001001000000011100101111100101111111101100111111101
0.8600931610092859
0011111111101011100001011110001000010111110000011000101001101000
0.5797208213905435
0011111111100010100011010001001010101110000101011101100000110011
0.9968662210767225
0011111111101111111001100101001111111101010000000101111101000100
0.01615674869957139
0011111110010000100010110110010100001101000110001110111100011101
0.04183505563537998
0011111110100101011010110110011110000111100011111000001100101000
0.10816315808228687
0011111110111011101100001001010010101010100110000111001010110011
0.2768651161034409
0011111111010001101110000010100001110110110001000101001001000110
0.6621133407517212
0011111111100101001100000000100001010001000110001100010000101100
0.9630831460188876
0011111111101110110100011001001110111110111011110101101101110110
0.18077023602506131
0011111111000111001000110111101010100101111010001010111011110110
0.4528952950041844
0011111111011100111111000011110010001100001000111000100100011111
0.9324001614318231
0011111111101101110101100011100011011101000001000101000001001010
0.31546038429561774
0011111111010100001100001000000011000000011011101110110111100110
0.7357342137770768
0011111111100111100010110010001001111010010101110001000011110000
0.8740673150513549
0011111111101011111110000101110000000100100101001011110100111000
0.5342792329137904
0011111111100001000110001101000011000011000010010111111010001010
0.9887763465247875
0011111111101111101001000000111001001010111011000011110000000011
0.05716339688088111
0011111110101101010001001000010101010000010000110110011111111110
0.14756941130552592
0011111111000010111000111000110111110001101110010011111000010000
0.3738816046445955
0011111111010111111011011010110100011100001000011001001000001110
0.8329897055353938
0011111111101010101001111101101000000110111001011011101111100101
0.660454138607139
0011111111100101001000100111000010110111101110100110101010011010
0.9644234381209377
0011111111101110110111001000111010001010110001110011010110110111
