0.21
0011111111110010010111110100010111100000101101001110000100011110
1.14826
1011111111101001000011011000011101010001010111100110011110100100
-0.7829014386400002
0011111111011111001000001010110101101100010110100101000010001100
0.48636947232558536
0011111111011011110001011101111101110010000100000001000111010110
0.4339521993536243
0011111111101100001110111000111101100101110101110011101011101110
0.8822705258442889
0011111110100100101100100110111111100011000110110111000111100000
0.04042386672310605
0011111111110100001100101100001101110100111000010010110011001000
1.2623934331521003
1011111111110011100000001110000101010100101001101110111111101110
-1.2189648920748328
1011111111100110011100101011111111110001100010000001001110000000
-0.7015075414097822
1011111110101011111110101011111101111101111100111100100111100000
-0.054647430539165986
0011111111101001001000011011100110101101111110100111010111101010
0.7853668592467191
0011111110111110101111011101011011111110100011001111001101101000
0.12008422579397193
0011111111110011011100100101111000010011001001100111000100101001
1.215421747975663
1011111111110000100000111001010101000010101110000000000011110110
-1.0321247678949113
1011111111000000001110011110101111101101011101001100000111101000
-0.12676762671027508
0011111111100101010111110010010101101101001001110101110010010111
0.6678645259770687
0011111111010101100110011100000101011001010110010110001100000100
0.33750947690491295
0011111111110000101001110111001110000100111001010000001010010101
1.0408816519922415
1011111111011010100110000111011010010100110110000001101100001100
-0.4155556157642628
0011111111110001001000001100100000110110011111111011001000001001
1.0705034378871707
1011111111100111010101000100000111101011100101001011001101001100
-0.7290353394688309
0011111111100010011101110100100110101010111011111011100101001010
0.5770614946939443
0011111111010100001010100110110011101000001101110111000100111000
0.31508944203757805
0011111111110000100010111100011000101110111101011110010010000000
1.0341245493312101
1011111111011001110001010000110110101010110101110000111100100000
-0.4026521843299964
0011111111110001010101010000010101011101101110001010001001010000
1.0832570706353586
1011111111101000011011111001001011111010001000001110000010000001
-0.7636198888130964
0011111111100000010001101001010001010101010110110100010010001000
0.5086156527633117
0011111111011010001010001110111000110011111010110111011000101010
0.4087481982258817
0011111111101101011001011101001010110010110100110110111010000010
0.9186795704549271
1011111110101110001011001110111010100000010010011000001101000000
-0.05893655497198447
0011111111110100010101001111010001110101011101101011011110000110
1.2707409466197261
1011111111110100011101000011101011110101110010111110110100011101
-1.2783765412739918
1011111111101101000000111101111111001110010000011000110000001110
-0.9067229298055979
1011111111100001000110101100010110001010001010010110101010110100
-0.5345180223915436
0011111111010100111111011100100011101100010001011001101000001000
0.3279897982924074
0011111111100110000011001001010111111100010001100101110000100000
0.6890363623850853
0011111111011011110000100000011010010010100100001010011001011100
0.43371738732330356
0011111111101110001011111111100010001111100111111001110111000110
0.9433558278223522
1011111110111101101000110100111000011110010101110111101100000000
-0.11577308884396231
0011111111110100001110100101010111001011100101111000101010100011
1.264241977006045
1011111111110100010110111001100100011100000101000010101010101100
-1.2723628136470024
1011111111101100011000111110101111000110111101110000000001100010
-0.8871973882705897
1011111111011110111101001000101100001110110111001111100111110000
-0.4836757321499183
0011111111011010000000010010110010101010001101110100110110011010
0.4063216840997598
0011111111100011111101011101100110111001000110010000111001111110
0.6237610449974935
0011111111100010011110000101000111111010010001001011010100110010
0.5771875274710168
0011111111100111000100000010110100111100001111100100010100001110
0.7207246948839001
0011111111011100100010100011000100000100010100101101110011000100
0.4459345380996178
0011111111101110000000101001100001000110100011010110010110000110
0.9378167512870028
1011111110111000111101110001001000011111101100101101000100000000
-0.09752000116242598
0011111111110100010010011101101010101101111010100010100101001010
1.2680308145086934
1011111111110100011111000010111111001000000100011100100100000110
-1.2803190055097402
1011111111101101010000111000100101011110100111011100000011000110
-0.9144942138646222
1011111111100001110000011101110110011000101011110011110010111110
-0.5549152357215446
0011111111010010110110011110000110111101011001000000001100100111
0.29454844947035713
0011111111100110110010010011100010011011000101100001001110110100
0.7120631245639886
0011111111011000001110011001111110111000010101001010111000010000
0.3785170841317447
0011111111110000001101010110001011001110001001111101101010010101
1.013033681197759
1011111111010100101011101110111010011111110111100011010001110100
-0.32317700969799223
0011111111110010100001011110010101001010101110100001100110110111
1.157689372923057
1011111111101111001001010011110011110001000010011011000001101011
-0.9732956607599709
0011111110010101100101100010011010001001001101111001000111000000
0.021080591321053666
0011111111100110101000101110111010010100001100101011111111011101
0.7073891539093854
0011111111010011100100011010011101011000110101111011111011110010
0.30576499630022547
0011111111110001010011010001111000110000110001000101001101111111
1.081327620025348
1011111111100001011100101010101101001001011111100101101001101100
-0.5452476916714892
0011111111101101000011111101101001110100101111000101101010101000
0.9081852226252822
1011111111010100010111101111000101101101011111010001101011100010
-0.3182948655343535
0011111111110010000101110000010001000010011111110010100011010110
1.1306192967918398
1011111111101100010100101100111011110101101001111111000111011010
-0.8851084516496102
0011111111001111000001110000011110011010010101111011111110011000
0.24240202938335353
0011111111100100110111101101110101111100111100100001001011110010
0.6522052231162816
0011111111011110100010100111001100011010101010011010111010100110
0.47720029453078394
0011111111101100000011110010111011011011001001100100010011110000
0.8768533973945107
0011111110110001000101011101011001000011010001100111001100100000
0.0667394556280212
0011111111110100000110111110111110000000000111011011000010000101
1.2568202023058188
1011111111110011000100000000100000011110011000111100100000000000
-1.1914139926052485
1011111111100011100001101101001101000100010101010000110010010110
-0.6102081617940651
0011111110111111000011000011100000100001110110011011101111111000
0.12128020121029681
0011111111101001011110111010100010111101001000101110010111010111
0.7963451093739263
0011111111000011000000111100001100100000110111010111001010101100
0.14855231384981005
0011111111110011010101000000000011011010100110111110011110000101
1.2080086268819923
1011111111101111111100110010100111110001001100001111110011011110
-0.9984330855149002
1011111110100001000000010101101110111111011000111011000000000000
-0.033213488686527626
0011111111100110010111011001100101100101011111001011111011010110
0.6989256841825078
0011111111010011100101111100110000110110010100111100010100110110
0.3061399965800605
0011111111110001010000010110011011110101001011000101000100110110
1.0784673287462971
1011111111100001001010101110010110111000001010100100001011001100
-0.5364864918684247
0011111111101101011101011000010001011011111010111100101000001101
0.9205953402836841
1011111111010110001111000111010100100110101000110110000001010010
-0.34744004033337206
0011111111110001101101110000000001111001101101111010010100001001
1.1071781878075078
1011111111101010010000001101001010110010000100010011101010010011
-0.8204129674794153
0011111111011000111100110011100010100000111001000001001011110110
0.38984504425052025
0011111111100001010100001011110000001001010110111111101110000110
0.5411052878188094
0011111111100110101000000001001110011111111010011100010101000000
0.7070406077674889
0011111111011101100110001111110010111000010100111110011111100000
0.4624625969005347
0011111111101101001101001100010110010011001101111101110100100100
0.9126918673854658
1011111110011100001000010010100011011000001001110111000010000000
-0.02747024363803563
0011111111110100010111010011000001000001111101100000000100100111
1.2727511002158935
1011111111110100011010101110001000100110110111011010111101110000
-1.2760945814324849
1011111111101100101111000001010010000100111000010011110000001000
-0.8979590030011204
1011111111100000010111111100010110010100111000101011101010011010
-0.5116908939288181
0011111111010111010011001010011111100011101001111011101000100000
0.36405369979812185
0011111111100101001001100111001100101111101011001101001011011110
0.6609435969499733
0011111111011111110110010011000000011000111101111001110011111110
0.4976310962506004
0011111111101011010000000011110100110110001010001110101001011110
0.8515916879471879
0011111111000001001001101101010100001011000100011101011000111000
0.1339975647021434
0011111111110011101011110111100100000100010101001001101011011000
1.230340020099609
1011111111110001010000111011011011111001111011101011010110001100
-1.0790319216715458
1011111111010000101100110001101101110010110000110000111101000100
-0.26093183715078205
0011111111100010100101110101000000100011100100000111111110011011
0.5809708304041011
0011111111011100101111110110011111110101101011010101111111110101
0.4491825007621622
0011111111101100100010011100101011011011010111111010110111001110
0.8918203625339005
0011111110010101110010001100101001100000001011111110010101000000
0.021273767586511783
0011111111110100010001010100011000001100010101110001011001001000
1.2669125062979152
1011111111110011110110011111010011101011000011001000011101001110
-1.2407120877837374
1011111111101000110011010001111101000110001101011111110011100100
-0.7750393267923781
1011111111001011010010010100100011011001101011111000111111001100
-0.21317396763981689
0011111111100110100001100001010111000110100011011101110101100101
0.7038678052912642
0011111111001111000010000111100000101110101000001001100111110100
0.24244596745229752
0011111111110010000011111101100000101110010100110001100101010110
1.1288682755999466
1011111111100110110000110101101101000010011100011111011111110010
-0.7113472268827066
0011111111100100001010101110110001011010001001011111110001001011
0.6302396546087804
0011111111001101100000010111001100110011110111010000110010011100
0.23051300079723525
0011111111110001110101011011101111101000010000001011101100000000
1.1146811554314695
1011111111100101011100111010001011111111011011111011011100101110
-0.6703658093444795
0011111111100110100100010111100100000100011110110100010100011100
0.7052579009561302
0011111110111010010000000111010110000110101000110011011111010000
0.10254606759119089
0011111111110011001001100101000111010111111110000001010000000001
1.1968553959170551
1011111111101111001100001001110011010010101001010000000011111010
-0.9746841539527218
0011111110011101101111011010010001010001100100110110000111000000
0.0290437388219702
0011111111100110100110101111000100011100110011110111000011010100
0.7064137995435211
0011111111010011110110000110110010010110010110110011111001011100
0.3100844829868714
0011111111110001001111001010101000111111011111000111010001001111
1.0773107986381267
1011111111100001000001001001101111101110001101011110010001101000
-0.5318126347111845
0011111111101101101010111111000001111001000001011100100001011000
0.9272386897776057
1011111111010111001111110000111111101110101000001100000111111010
-0.36322401336204246
0011111111110001011111101101011110000011101111010110100010111000
1.093467249497321
1011111111101001000011011001000100001101001100001111100011001100
-0.7829060800211436
0011111111011110000100110011000110000011001100010011101111001000
0.46992147266149376
0011111111011101001011101010001100100000001000001110101100000101
0.4559715093379711
0011111111101011001100100110011010001110000000111110110101011001
0.8499024175393216
0011111111000000000100010010100011111110100010001101000000001000
0.12552368572653472
0011111111110011101110100000000111111100101100111010110010001110
1.232912051312073
1011111111110001011100100111010101000101110001010100011011001000
-1.0904438710608009
1011111111010010110111100101101001100011011000010010110001011100
-0.29482135491406836
0011111111100001101000110100001011100010111010010000000000011000
0.5511793548430459
0011111111011111000111100111101101000000000100001100110110101011
0.48623543983850465
0011111111101010101100110001000110000110010010111110101000110000
0.8343589423159923
0011111111000101111010111010010101101001011010100011110000010000
0.1712538494798257
0011111111110011010110010001010100011100100110101111000100100101
1.2092486493484753
1011111111101111110111011011111111101110101001110111001011000000
-0.9958190594876086
1011111110011010001010000000001000011000101011110010011111000000
-0.025543244129756948
0011111111100110011010010011000100110010100000010001011110000010
0.7003408419047761
0011111111010011100100000001001111101101110111100101000001011000
0.30566881398522616
0011111111110001010001001100101101010000101111110010011000111111
1.0792954591910442
1011111111100001010000001000110010001100101110100010101001100000
-0.5391295193270018
0011111111101101010101101111001010100010010000110000110001111110
0.9168637437036435
1011111111010101101011000010110001100011101011010011110111100100
-0.3386336301236652
0011111111110001110101010001000000010101111001010010110001011110
1.1145172934800693
1011111111101010111001100010111010100000100101001011110001000110
-0.840598405489694
0011111111010110000101100011110010101010001000111101011110110100
0.34510723700747836
0011111111100010100110000011100100000010001100011001100100011101
0.5810818713041815
0011111111100100001011111001111111110010011111110001100010011010
0.6308135734805262
0011111111100011110000000101010111110110111011110010001000000101
0.6172284911090747
0011111111100100111111010000000111010010010110100101111001100111
0.6558846577126588
0011111111100010101001110011001011011001101000100101110000011001
0.5829099894207302
0011111111100111000100101111110010011100000010101110001101011000
0.7210677192407315
0011111111011100100110101111100101101001110001110101100000011010
0.4469588788027764
0011111111101101111110001111001010111011001001111010001101000100
0.9366391806953307
1011111110111000000110000110100100001111110001101000101100100000
-0.0941224730982353
0011111111110100010011000010010000010101000100110111010011101110
1.26858909828962
1011111111110100100000000010000111101111001100111010011011000100
-1.28128236234845
1011111111101101010111100111011101101110110100000111000111100000
-0.9177815594044283
1011111111100010000010010101000000111110010010010000011010100000
-0.5636368958004887
0011111111010001111010011111001111111011111011011100101001111001
0.2799043617480162
0011111111100111000101000100010000100100010101000001111110101000
0.7212238988440633
0011111111010110110001000111100101100010110111110100110010001010
0.35574183135504056
0011111111110000101000001000100111101000010100100101100110010011
1.0391940188470457
1011111111011001111011100101001111001000110010001010000000010100
-0.40517134292395096
0011111111110001010011111001010010100011010101111111110111101010
1.0819288616765967
1011111111101000010101001100100001110011110000100000010110011101
-0.7603494892975281
0011111111100000011111000111100111000000010100110000000110100110
0.5151947742779626
0011111111011001100111101000000010101111010111100100100110101101
0.40029923559009256
0011111111101101110001000110001101011101111010101110010111111010
0.9302231630637714
1011111110110111011000101100111001101110101101111100110101110000
-0.09135141566348692
0011111111110100010001110011010001000101110000101011011001010011
1.2673838353179192
1011111111110100011010110011001101000000101010000110011010010000
-1.2761719251342676
1011111111101100110010111000100011100010010110100100111010001110
-0.8998455449058882
1011111111100000100001101101110000011111001010101010001110100000
-0.516462384102045
0011111111010110110100101101101011110011010011100100100000101110
0.35661958465891785
0011111111100101010110000010101100011100111010000101000000101101
0.6670127453421678
0011111111011110111110111100011111011001011000011110101110010010
0.4841174719692215
0011111111101011111001110100111110011101110011111101001111101000
0.8719862062704324
0011111110110100101010101100111011001011100100011001110101010000
0.08073132009450501
0011111111110100000010100001111101010111110110011000001001111110
1.2524712974192478
1011111111110010110000000100001011001010000010110000110011010110
-1.1719386951743238
1011111111100001100000011010001110000010101001011101100111010110
-0.5470750381198808
0011111111001101010111010101010110111100001011000110000101100010
0.2294108551802863
0011111111101000011000111110100110111010110001111001101001111100
0.7621964118996654
0011111111010000010110100010011101010001010100000100011111000110
0.25550253811627177
0011111111110010001100100011110010000111110110011100101101011100
1.1372647577925
1011111111100111011111010111110111100100101001110111000110101110
-0.7340688196086853
0011111111100010110001101110010111111001101011011100101100101110
0.586779582647386
0011111111010011000011100100000011100100110011000010011101110001
0.2977449640608177
0011111111110000110101001010101100011001011110100110000011110010
1.0519209857212073
1011111111011101011011011101100000101111111010001001101001011000
-0.4598293750627014
0011111111110000010100000001100111111001000111010000011011001010
1.019556019877586
1011111111100010111110111101010010111000010101000100010011100000
-0.5932410812548845
0011111111101010000001010110001110010011100011010111101110111000
0.8131578332794254
1011111110111010100010110101000000101110101110001110001010000000
-0.10368825092963085
0011111111110011101010011000111001101101011111001100110010101000
1.228895595250643
1011111111110010010100110110100111011000001001111000001011101111
-1.1453646129158945
1011111111011101111100101010011110001110101000100001110010011100
-0.4679354565527747
0011111111010110011000111100110111111000110101101010000011000110
0.3498415880262765
0011111111100110000001100101100001100100111110110001010111001110
0.6882745716363219
0011111111011100010001010111111110001100110010100110010001110100
0.4417418360622556
0011111111101101110111011000011110010000110110000001110011000000
0.9332921818721829
1011111110110110010000001011111101001011101111100101010110110000
-0.08692546462255879
0011111111110100010011111000000000000110011010110110001000000011
1.269409203601868
1011111111110100100000110011100101111111011011111110101101101101
-1.282037256051548
1011111111101101011100101010010011000000010101111100000010001110
-0.920244575185295
1011111111100010001111110001011011000100100100001011111110100001
-0.570201286236614
0011111111010001001100110001111110001111110100100001100101100111
0.26874531788816686
0011111111100111010010100101100110100101011111100100110010101001
0.7278259498874792
0011111111010101101100100011000000100101010111011111000101011110
0.3390007367049942
0011111111110000111010110101100011000000000011101011110111101010
1.0574576856851032
1011111111011101101011101111001111000111100111011001110000000100
-0.4638032388087938
0011111111110000010000011101101110000011000101101011110010111110
1.016078483644193
1011111111100010101101000110100011011000011110101000001011110000
-0.5845226505371937
0011111111101010011100101001101101101010111001110000010111100110
0.8264901245058212
1011111111000000110110101100101110000000101010001111110101111100
-0.13167709142906492
0011111111110011100101000010100111000010101011011011111100110100
1.2236726383816405
1011111111110010001011000101100110110110010100101101000101111000
-1.1358277437221584
1011111111011100000110010100111100011001000000000100011001111000
-0.4390447372580648
0011111111011000111010111011100010100011100010011010110100100111
0.3893872830437481
0011111111100100111111100001001101110110100100111011011101100110
0.6560151401479117
0011111111100000011101010100101011111000011000110000000000010111
0.5143179751685264
0011111111101010011100100111011000101111010111001111010011101111
0.8264723706303395
0011111111001001010110001001100000011111100001111000111100000100
0.19801618136909138
0011111111110011000101101011100010011001000001010101100111101111
1.1930471398715061
1011111111101101110111011001101010000010010100100011110010101110
-0.9333012147270858
0011111111000001101110000111110000001011010010110011010010011000
0.13844252158597636
0011111111100110001011101000000100001101010001010001100101011111
0.6931767710855573
0011111111010111100110110001011110111010000010111001000110001000
0.3688411061141541
0011111111110000010001111010010101110001111100111100010101110001
1.0174917651423494
1011111111010101101011100010000011100010000110001101001100101000
-0.3387529571512453
0011111111110010010100000100000001000011101001100110110011011101
1.144592537172506
1011111111101101111100011011010000001001100010000101011001001101
-0.935754793756766
0011111110111110000100111000111010001100001101100101110010010000
0.11748591349747728
0011111111100110011001011111110001100001011101010000100101010100
0.6999494460544988
0011111111010110010110111010101010000111000110110010000101001100
0.34934485620444344
0011111111110000101000000100001011011111001010001011100110010101
1.039126273837245
1011111111011010000010101000101001001000111111101110111111000000
-0.40689332130909506
0011111111110001010001110111101010000111011101001100001000011111
1.0799508372548485
1011111111101000001001111111100010110011001110011001010000100100
-0.7548793316351561
0011111111100000110101101010110010001100000010101011100010011111
0.5262053237145387
0011111111011000101100100110000011010001000101011100010111100111
0.38588734072172176
0011111111101110011000010110010011101010110111001011110011110110
0.9493889414933665
1011111111000010101100111011001001010100000111001000010010000000
-0.14610890490533635
0011111111110100000101000011000100110110011111000111010111100011
1.2549297455183186
1011111111110011111110100101100111001110111011011011001100000011
-1.2486208041329412
1011111111101001110011000101110010110111000111111011110010101110
